{
 "cells": [
  {
   "cell_type": "markdown",
   "metadata": {},
   "source": [
    "# Example\n",
    "\n",
    "Consider sequences that are increasingly different. EDeN allows to turn them into vectors, whose similarity is decreasing."
   ]
  },
  {
   "cell_type": "markdown",
   "metadata": {},
   "source": [
    "Build an artificial dataset: starting from the string 'abcdefghijklmnopqrstuvwxyz', generate iteratively strings by swapping two characters at random. In this way instances are progressively more dissimilar"
   ]
  },
  {
   "cell_type": "code",
   "execution_count": 1,
   "metadata": {
    "collapsed": false
   },
   "outputs": [],
   "source": [
    "import random\n",
    "\n",
    "def make_data(size):\n",
    "    text = ''.join([str(unichr(97+i)) for i in range(26)])\n",
    "    seqs = []\n",
    "\n",
    "    def swap_two_characters(seq):\n",
    "        '''define a function that swaps two characters at random positions in a string '''\n",
    "        line = list(seq)\n",
    "        id_i = random.randint(0,len(line)-1)\n",
    "        id_j = random.randint(0,len(line)-1)\n",
    "        line[id_i], line[id_j] = line[id_j], line[id_i]\n",
    "        return ''.join(line)\n",
    "\n",
    "    for i in range(size):\n",
    "        text = swap_two_characters( text )\n",
    "        seqs.append( text )\n",
    "        print text\n",
    "        \n",
    "    return seqs"
   ]
  },
  {
   "cell_type": "code",
   "execution_count": 2,
   "metadata": {
    "collapsed": false
   },
   "outputs": [
    {
     "name": "stdout",
     "output_type": "stream",
     "text": [
      "abcdefghirklmnopqjstuvwxyz\n",
      "abcdekghirflmnopqjstuvwxyz\n",
      "ahcdekgbirflmnopqjstuvwxyz\n",
      "ahcdekgbirfsmnopqjltuvwxyz\n",
      "ahcdekgbirfsmnopyjltuvwxqz\n",
      "ahcdekglirfsmnopyjbtuvwxqz\n",
      "amcdekglirfshnopyjbtuvwxqz\n",
      "amcdlkgeirfshnopyjbtuvwxqz\n",
      "amcdlkgeirfnhsopyjbtuvwxqz\n",
      "amcdlkgeorfnhsipyjbtuvwxqz\n",
      "amcdlkgeoyfnhsiprjbtuvwxqz\n",
      "amcdlkgeoyfnhsiprjvtubwxqz\n",
      "amcdlkgeoyfthsiprjvnubwxqz\n",
      "amcdokgelyfthsiprjvnubwxqz\n",
      "amcdokgelyfshtiprjvnubwxqz\n",
      "amcdokgleyfshtiprjvnubwxqz\n",
      "amcdvkgleyfshtiprjonubwxqz\n",
      "dmcavkgleyfshtiprjonubwxqz\n",
      "dmcavkglehfsytiprjonubwxqz\n",
      "dmfavkglehcsytiprjonubwxqz\n",
      "dqfavkglehcsytiprjonubwxmz\n",
      "dqxavkglehcsytiprjonubwfmz\n",
      "dqxavkglehcsftiprjonubwymz\n",
      "dqyavkglehcsftiprjonubwxmz\n",
      "dqyavkglehcsftiprjonubwxmz\n"
     ]
    }
   ],
   "source": [
    "seqs = make_data(25)"
   ]
  },
  {
   "cell_type": "markdown",
   "metadata": {},
   "source": [
    "define a function that builds a graph from a string, i.e. the path graph with the characters as node labels"
   ]
  },
  {
   "cell_type": "code",
   "execution_count": 3,
   "metadata": {
    "collapsed": false
   },
   "outputs": [],
   "source": [
    "import networkx as nx\n",
    "\n",
    "def sequence_to_graph(seq):\n",
    "    '''convert a sequence into a EDeN 'compatible' graph\n",
    "    i.e. a graph with the attribute 'label' for every node and edge'''\n",
    "    G = nx.Graph()\n",
    "    for id,character in enumerate(seq):\n",
    "        G.add_node(id, label = character )\n",
    "        if id > 0:\n",
    "            G.add_edge(id-1, id, label = '-')\n",
    "    return G"
   ]
  },
  {
   "cell_type": "markdown",
   "metadata": {},
   "source": [
    "make a generator that yields graphs: generators are 'good' as they allow functional composition"
   ]
  },
  {
   "cell_type": "code",
   "execution_count": 4,
   "metadata": {
    "collapsed": false
   },
   "outputs": [],
   "source": [
    "def pre_process(iterable):\n",
    "    for seq in iterable:\n",
    "        yield sequence_to_graph(seq)"
   ]
  },
  {
   "cell_type": "markdown",
   "metadata": {},
   "source": [
    "obtain an iterator over the sequences processed into graphs"
   ]
  },
  {
   "cell_type": "code",
   "execution_count": 10,
   "metadata": {
    "collapsed": false
   },
   "outputs": [
    {
     "name": "stdout",
     "output_type": "stream",
     "text": [
      "CPU times: user 4 µs, sys: 2 µs, total: 6 µs\n",
      "Wall time: 10 µs\n"
     ]
    }
   ],
   "source": [
    "%%time\n",
    "graphs = pre_process(seqs)"
   ]
  },
  {
   "cell_type": "markdown",
   "metadata": {},
   "source": [
    "compute the vector encoding of each instance in a sparse data matrix"
   ]
  },
  {
   "cell_type": "code",
   "execution_count": 11,
   "metadata": {
    "collapsed": false
   },
   "outputs": [
    {
     "name": "stdout",
     "output_type": "stream",
     "text": [
      "Instances: 25 ; Features: 262145 with an avg of 807 features per instance\n",
      "CPU times: user 82.1 ms, sys: 26 ms, total: 108 ms\n",
      "Wall time: 446 ms\n"
     ]
    }
   ],
   "source": [
    "%%time\n",
    "from eden.graph import vectorize\n",
    "X = vectorize(graphs, complexity=3, nbits=18)\n",
    "print 'Instances: %d ; Features: %d with an avg of %d features per instance' % (X.shape[0], X.shape[1],  X.getnnz()/X.shape[0])"
   ]
  },
  {
   "cell_type": "markdown",
   "metadata": {},
   "source": [
    "compute the pairwise similarity as the dot product between the vector representations of each sequence"
   ]
  },
  {
   "cell_type": "code",
   "execution_count": 7,
   "metadata": {
    "collapsed": false,
    "scrolled": false
   },
   "outputs": [
    {
     "name": "stdout",
     "output_type": "stream",
     "text": [
      "[[ 1.          0.66558005  0.59601809  0.38036075  0.25000403  0.25096997\n",
      "   0.23781297  0.22740901  0.21710286  0.21200124  0.20935864  0.17453739\n",
      "   0.17310207  0.17057184  0.17201066  0.17200877  0.17338656  0.15930693\n",
      "   0.15917881  0.16136368  0.16147122  0.15748704  0.1592347   0.16060875\n",
      "   0.16060875]\n",
      " [ 0.66558005  1.          0.732139    0.4280236   0.2983984   0.29412936\n",
      "   0.27832079  0.24112384  0.22941987  0.21518145  0.21261202  0.17648155\n",
      "   0.17378229  0.17378229  0.17248224  0.17521817  0.17659918  0.16119628\n",
      "   0.16119628  0.16197333  0.16141417  0.15863626  0.16181944  0.16389559\n",
      "   0.16389559]\n",
      " [ 0.59601809  0.732139    1.          0.63403083  0.50427143  0.38252726\n",
      "   0.27832925  0.2423962   0.23069188  0.22164639  0.21388243  0.17775196\n",
      "   0.17375252  0.17389287  0.17248748  0.17522349  0.17660454  0.16120118\n",
      "   0.16120118  0.16324247  0.16268414  0.1599053   0.16298322  0.16565721\n",
      "   0.16565721]\n",
      " [ 0.38036075  0.4280236   0.63403083  1.          0.70341304  0.46889729\n",
      "   0.28962882  0.25373747  0.23024455  0.22242652  0.21472529  0.17986775\n",
      "   0.17323668  0.17334205  0.17460631  0.17593783  0.17880355  0.16465367\n",
      "   0.16465367  0.16416619  0.16427559  0.16149392  0.1632389   0.16591117\n",
      "   0.16591117]\n",
      " [ 0.25000403  0.2983984   0.50427143  0.70341304  1.          0.62488595\n",
      "   0.40778143  0.37191276  0.33803012  0.31982035  0.30414367  0.21238941\n",
      "   0.20576254  0.2085734   0.20843144  0.21109278  0.2140013   0.19983804\n",
      "   0.19850653  0.19681588  0.1650596   0.16615316  0.16874894  0.16754545\n",
      "   0.16754545]\n",
      " [ 0.25096997  0.29412936  0.38252726  0.46889729  0.62488595  1.\n",
      "   0.69922445  0.53876357  0.4891044   0.44737713  0.37301984  0.21376137\n",
      "   0.20843467  0.20843467  0.2096973   0.22142475  0.22153204  0.20863677\n",
      "   0.20863677  0.20427844  0.17254834  0.17223073  0.17615541  0.17502748\n",
      "   0.17502748]\n",
      " [ 0.23781297  0.27832079  0.27832925  0.28962882  0.40778143  0.69922445\n",
      "   1.          0.72383538  0.55428667  0.4891648   0.41857692  0.25933462\n",
      "   0.24634455  0.24494005  0.25400793  0.26573537  0.26589872  0.21846158\n",
      "   0.20805735  0.20369902  0.17317202  0.17165131  0.17557599  0.17565075\n",
      "   0.17565075]\n",
      " [ 0.22740901  0.24112384  0.2423962   0.25373747  0.37191276  0.53876357\n",
      "   0.72383538  1.          0.76845049  0.61615204  0.54546455  0.38632186\n",
      "   0.37200199  0.2566675   0.26573537  0.25400793  0.25415644  0.20672672\n",
      "   0.19632249  0.19203892  0.16150414  0.15999121  0.16391589  0.16399064\n",
      "   0.16399064]\n",
      " [ 0.21710286  0.22941987  0.23069188  0.23024455  0.33803012  0.4891044\n",
      "   0.55428667  0.76845049  1.          0.65515027  0.55994297  0.40079113\n",
      "   0.37473628  0.26073345  0.2566675   0.24623582  0.24640769  0.19768629\n",
      "   0.19239026  0.18937011  0.15883356  0.1573224   0.15998366  0.16005841\n",
      "   0.16005841]\n",
      " [ 0.21200124  0.21518145  0.22164639  0.22242652  0.31982035  0.44737713\n",
      "   0.4891648   0.61615204  0.65515027  1.          0.6338491   0.47469553\n",
      "   0.43057962  0.28645599  0.26839495  0.25026675  0.24781483  0.20038913\n",
      "   0.1963897   0.19473704  0.16283566  0.16132183  0.16132183  0.16139659\n",
      "   0.16139659]\n",
      " [ 0.20935864  0.21261202  0.21388243  0.21472529  0.30414367  0.37301984\n",
      "   0.41857692  0.54546455  0.55994297  0.6338491   1.          0.7248939\n",
      "   0.54086521  0.33963627  0.30216073  0.27633061  0.27521166  0.22778375\n",
      "   0.21977983  0.21675777  0.18508338  0.18217814  0.1794404   0.18355385\n",
      "   0.18355385]\n",
      " [ 0.17453739  0.17648155  0.17775196  0.17986775  0.21238941  0.21376137\n",
      "   0.25933462  0.38632186  0.40079113  0.47469553  0.7248939   1.\n",
      "   0.62740718  0.42723763  0.3793881   0.35352935  0.33055871  0.28308068\n",
      "   0.27508182  0.27206166  0.20009631  0.18825873  0.18552272  0.19855767\n",
      "   0.19855767]\n",
      " [ 0.17310207  0.17378229  0.17375252  0.17323668  0.20576254  0.20843467\n",
      "   0.24634455  0.37200199  0.37473628  0.43057962  0.54086521  0.62740718\n",
      "   1.          0.710431    0.56567452  0.53981578  0.3903531   0.34283727\n",
      "   0.3129552   0.30993505  0.22217535  0.20258764  0.20111506  0.22188543\n",
      "   0.22188543]\n",
      " [ 0.17057184  0.17378229  0.17389287  0.17334205  0.2085734   0.20843467\n",
      "   0.24494005  0.2566675   0.26073345  0.28645599  0.33963627  0.42723763\n",
      "   0.710431    1.          0.76845049  0.63021617  0.39158226  0.34406564\n",
      "   0.31548017  0.31246001  0.224702    0.20637866  0.20364352  0.22311381\n",
      "   0.22311381]\n",
      " [ 0.17201066  0.17248224  0.17248748  0.17460631  0.20843144  0.2096973\n",
      "   0.25400793  0.26573537  0.2566675   0.26839495  0.30216073  0.3793881\n",
      "   0.56567452  0.76845049  1.          0.77497265  0.49800201  0.4504181\n",
      "   0.33895744  0.33326848  0.24552433  0.22589053  0.22445199  0.24392227\n",
      "   0.24392227]\n",
      " [ 0.17200877  0.17521817  0.17522349  0.17593783  0.21109278  0.22142475\n",
      "   0.26573537  0.25400793  0.24623582  0.25026675  0.27633061  0.35352935\n",
      "   0.53981578  0.63021617  0.77497265  1.          0.63373909  0.58606936\n",
      "   0.36123687  0.35281191  0.26508078  0.24543396  0.24399541  0.2634657\n",
      "   0.2634657 ]\n",
      " [ 0.17338656  0.17659918  0.17660454  0.17880355  0.2140013   0.22153204\n",
      "   0.26589872  0.25415644  0.24640769  0.24781483  0.27521166  0.33055871\n",
      "   0.3903531   0.39158226  0.49800201  0.63373909  1.          0.81226514\n",
      "   0.54607157  0.53630363  0.42444512  0.3888385   0.389963    0.42528696\n",
      "   0.42528696]\n",
      " [ 0.15930693  0.16119628  0.16120118  0.16465367  0.19983804  0.20863677\n",
      "   0.21846158  0.20672672  0.19768629  0.20038913  0.22778375  0.28308068\n",
      "   0.34283727  0.34406564  0.4504181   0.58606936  0.81226514  1.\n",
      "   0.71250742  0.57527592  0.45630302  0.42190096  0.42175891  0.4558571\n",
      "   0.4558571 ]\n",
      " [ 0.15917881  0.16119628  0.16120118  0.16465367  0.19850653  0.20863677\n",
      "   0.20805735  0.19632249  0.19239026  0.1963897   0.21977983  0.27508182\n",
      "   0.3129552   0.31548017  0.33895744  0.36123687  0.54607157  0.71250742\n",
      "   1.          0.67416456  0.55519189  0.5207896   0.45291653  0.48828055\n",
      "   0.48828055]\n",
      " [ 0.16136368  0.16197333  0.16324247  0.16416619  0.19681588  0.20427844\n",
      "   0.20369902  0.19203892  0.18937011  0.19473704  0.21675777  0.27206166\n",
      "   0.30993505  0.31246001  0.33326848  0.35281191  0.53630363  0.57527592\n",
      "   0.67416456  1.          0.77671676  0.70686532  0.5166456   0.55200962\n",
      "   0.55200962]\n",
      " [ 0.16147122  0.16141417  0.16268414  0.16427559  0.1650596   0.17254834\n",
      "   0.17317202  0.16150414  0.15883356  0.16283566  0.18508338  0.20009631\n",
      "   0.22217535  0.224702    0.24552433  0.26508078  0.42444512  0.45630302\n",
      "   0.55519189  0.77671676  1.          0.71836487  0.52934913  0.67702901\n",
      "   0.67702901]\n",
      " [ 0.15748704  0.15863626  0.1599053   0.16149392  0.16615316  0.17223073\n",
      "   0.17165131  0.15999121  0.1573224   0.16132183  0.18217814  0.18825873\n",
      "   0.20258764  0.20637866  0.22589053  0.24543396  0.3888385   0.42190096\n",
      "   0.5207896   0.70686532  0.71836487  1.          0.67002055  0.53146588\n",
      "   0.53146588]\n",
      " [ 0.1592347   0.16181944  0.16298322  0.1632389   0.16874894  0.17615541\n",
      "   0.17557599  0.16391589  0.15998366  0.16132183  0.1794404   0.18552272\n",
      "   0.20111506  0.20364352  0.22445199  0.24399541  0.389963    0.42175891\n",
      "   0.45291653  0.5166456   0.52934913  0.67002055  1.          0.71915555\n",
      "   0.71915555]\n",
      " [ 0.16060875  0.16389559  0.16565721  0.16591117  0.16754545  0.17502748\n",
      "   0.17565075  0.16399064  0.16005841  0.16139659  0.18355385  0.19855767\n",
      "   0.22188543  0.22311381  0.24392227  0.2634657   0.42528696  0.4558571\n",
      "   0.48828055  0.55200962  0.67702901  0.53146588  0.71915555  1.          1.        ]\n",
      " [ 0.16060875  0.16389559  0.16565721  0.16591117  0.16754545  0.17502748\n",
      "   0.17565075  0.16399064  0.16005841  0.16139659  0.18355385  0.19855767\n",
      "   0.22188543  0.22311381  0.24392227  0.2634657   0.42528696  0.4558571\n",
      "   0.48828055  0.55200962  0.67702901  0.53146588  0.71915555  1.          1.        ]]\n"
     ]
    }
   ],
   "source": [
    "from sklearn import metrics\n",
    "\n",
    "K=metrics.pairwise.pairwise_kernels(X, metric='linear')\n",
    "print K"
   ]
  },
  {
   "cell_type": "markdown",
   "metadata": {},
   "source": [
    "visualize it as a picture is worth thousand words..."
   ]
  },
  {
   "cell_type": "code",
   "execution_count": 8,
   "metadata": {
    "collapsed": false
   },
   "outputs": [
    {
     "data": {
      "image/png": "iVBORw0KGgoAAAANSUhEUgAAAW0AAAFrCAYAAAAaWNg/AAAABHNCSVQICAgIfAhkiAAAAAlwSFlz\nAAALEgAACxIB0t1+/AAAFrBJREFUeJzt3X+MnXWVx/HPmel02k6Z/u4gtlihQPkhKVVrSLtyja4Q\n/qmB6IpLgu4K/KGRFXVB24Rh7SYQI9GEuCuKhFXRsLou7D+KLE7duhjc0ioqoET5KS0totLaQts5\n+8dcyzCdOzPfM7fPvWfm/Uoa7n3uPXO+c+9zP/Nw55lzzd0FAMiho9ULAABMHKENAIkQ2gCQCKEN\nAIkQ2gCQCKENAInMONYNzIxzCgEgwN1t5LZjHtqS1K9TR93+A+3R27T4qO2b3tsda3RGT3FJx8Xn\nFtfYCW8qrhlP/w3fVv+1Fx99Q0dX7AtG6iywO1jwf9bGqOvf/DX1b7r06Btm9sZ66aj9Po3+67+s\n/us+2Lwv2DmzvCb0txzNPVbr779F/f1XjH5jdB9sa3NltmrUWyb13ZrZBWb2iJn9ysyumczXAgCM\nLxzaZtYh6WZJ50s6U9Il1uhHAwCgKSZzpL1W0q/d/Ql3Pyjpm5I2lHyBFZozifZTS2396a1eQtuo\nvfXsVi+hbdTOW9PqJbSFWu2NrV5C25hMaL9W0lPDrj9d3zZhrye0j6itP6PVS2gbhPYrajVCWyK0\nh5uK7+ADwJQ1mbNHnpF04rDry+rbjvID7TlyeYXmcIQNACMMDPyfBga21a81PsvHoqNZzaxT0qOS\n3i7pWUkPSLrE3R8ecT9vdMpfI9PxlL+GpuEpfw1Nw1P+mi7pKX9jmsKn/DX1PG13P2xmH5Z0j4be\nZrl1ZGADAJprUn9c4+7flXRak9YCABjHVPz/CgCYsghtAEikktkjG/+m7Jcfm7/5UqjPP6z9c3FN\nb23P+HcawRc8X1wjSbLAL8Q6Y7+UtZnzAr0ijYK/KPXBWF2sWYW92lylj3tFwp9z2877ReO1caQN\nAIkQ2gCQCKENAIkQ2gCQCKENAIkQ2gCQCKENAIkQ2gCQCKENAIkQ2gCQCKENAIkQ2gCQCKENAIlU\nMuWv9GPArnrz/lCbzz1QPqZu052/KK6xdc8V10iSnXV6eVFfhZ/SHpkA54djvSwwUjA6oW5KfhwV\nJi08HbAKTPkDgCmB0AaARAhtAEiE0AaARAhtAEiE0AaARAhtAEiE0AaARAhtAEiE0AaARAhtAEiE\n0AaARCoZGNVx8blF9++t7Qn12RgY/rT55r3FNdc8sq+4RpK6r+ouL1p8SqiXBl8ur+moZn5Y9SxQ\nU+EwodDgouD62npIUlDk6U2MI20ASITQBoBECG0ASITQBoBECG0ASITQBoBECG0ASITQBoBECG0A\nSITQBoBECG0ASITQBoBECG0ASKSSsW52wpuK7u8Lno/1Wfdccc0/Bib23XhvbFLaprOeKa7p6NsR\n6uXHzSsvmtVbXtMZmFwYrLP5wYmHHZ3lNVVOw/PBSFGsV/T5KhYcvdd1XHlN6PGTKp3kWKzx98SR\nNgAkQmgDQCKENgAkQmgDQCKENgAkQmgDQCKENgAkQmgDQCKENgAkQmgDQCKENgAkQmgDQCKVDIwq\nZRYcNnPW6cUl3VeVD9DZGBj8JEmbP/dicc21v/xhqFfXu19bXrQgMMRpXmDAjyQtO7G8Zv7KWK+q\nhj9F+/ih5q5jLIMV9Yq+hv1wc9cxdrMKe5VqvDaOtAEgkUkdaZvZ45L+qKE5ggfdfW0zFgUAGN1k\n3x4ZlFRz9xeasRgAwNgm+/aINeFrAAAmaLKB65K+b2Y/MbPLm7EgAEBjk317ZJ27P2tmSzQU3g+7\n+9ZmLAwAcLRJhba7P1v/724z+46ktZKOCu3+G7595HJt/emqrT9jMm0BYMoZGHhQA1u21681Pv02\nHNpmNkdSh7vvNbMeSe+UdP1o9+2/9uJoGwCYFmq1NarV1tSv9er6T//LqPebzJF2n6TvmJnXv87X\n3f2eSXw9AMA4wqHt7r+VtLqJawEAjIPT9QAgEUIbABKpZmBUR1fZ/TvLBxdJkvUFzkpZfEpxSUff\njvI+kq4JDH+64Z7BUK+rX3yyuKbn0vIhU9GRO9bzfHlR3++DzQK7uZUfz/jgwfI+UnVDnCTZrMXl\nRR1tOVdumHYe/NR8HGkDQCKENgAkQmgDQCKENgAkQmgDQCKENgAkQmgDQCKENgAkQmgDQCKENgAk\nQmgDQCKENgAkQmgDQCKVjO+ywil/PnPeMVrJKAZfLq85Lra+rneXT9H76ItPhXrddL8V11y5+7fF\nNUsu6iuukSSdfKC8Zu62WK+uwimTktR3dnnN4OHyGkmyzkBN+fMrKTaxLzIlsSPwPUnBxyJ47Bl9\nvirR+HviSBsAEiG0ASARQhsAEiG0ASARQhsAEiG0ASARQhsAEiG0ASARQhsAEiG0ASARQhsAEiG0\nASCRSgZGlQ6cicyMkST5YHlJZIDOrN7yGkm2oLu4pufSE0K9rtj9eHHNFx+bVVyzaedLxTWSpOWz\ny2sOBoZ7SdKM8ufY3ItrPLjjWpUDoyobyBRdX6BXeHhWNGiqwMAoAJgSCG0ASITQBoBECG0ASITQ\nBoBECG0ASITQBoBECG0ASITQBoBECG0ASITQBoBECG0ASITQBoBEKpryV/izwbpiffxwrK6QdZZP\n65Mkn3dck1fS2JKLlhbXbAxM7Nv8bweKayRpU+/e8qITnwz1svkLimt84b7yRjPKpyRKavNpc5JU\nPvEw/lqM9ArUJMaRNgAkQmgDQCKENgAkQmgDQCKENgAkQmgDQCKENgAkQmgDQCKENgAkQmgDQCKE\nNgAkQmgDQCLtOTBKg8FGFQ3eCQ6MsmUnlhf1PB/qpZMDg5yWzy4u2RgZ/CRp883ldVdvezTUq+cD\ny4trbPnu8kbd88prJHnXnPIis1AvO1T+HMuqiQlJUkegV3G+HCkM1FQ1nKpxxnCkDQCJjBvaZnar\nme0ys58N27bAzO4xs0fN7HtmFjvEAAAUmciR9m2Szh+x7VpJ97r7aZLuk/TJZi8MAHC0cUPb3bdK\nemHE5g2Sbq9fvl3Su5q8LgDAKKLvaS91912S5O47JZV/TAoAoFizfhE5vT7vBwBaJHouzy4z63P3\nXWZ2vKTnxrpz/z9/7cjl2l+drdpbzw62BYCpaWDLdg1s2V6/1vjzRica2qZXn9R4t6T3S7pR0mWS\n7hqruH/jpRNsAwDTU+28c1Q775z6tXm6/tP/Our9JnLK3x2S/lfSqWb2pJl9QNINkv7azB6V9Pb6\ndQDAMTbukba7v6/BTe9o8loAAOPgLyIBIBFCGwASqWYSzMzeStrIywdNhUbGzD8lUCVp/sriEuv7\nfazX3G3lNQdfLq858cnyGkkf3far4pqb7o8dY2x6y5+Ka+z035Q3WriwvEaSZvaU13QFBj9J8sFD\n5UWRIU7B40Gb0fisiTGKQr1CPPD4RVjj1yJH2gCQCKENAIkQ2gCQCKENAIkQ2gCQCKENAIkQ2gCQ\nCKENAIkQ2gCQCKENAIkQ2gCQCKENAIkQ2gCQSDXjsSwySy+is5Iu1hHs4+Wff+zBCWbW1VVeNCPQ\na/6C8hpJPR9YVlyzMTCtT5I2f+7F4ppPbL+/uGbWRX3FNZKk2eWPu73lrFivwwfLa2bOLa+JvuZn\nLy6v6YxNPAx9HvnhA8FehToaf08caQNAIoQ2ACRCaANAIoQ2ACRCaANAIoQ2ACRCaANAIoQ2ACRC\naANAIoQ2ACRCaANAIoQ2ACRSzcCoqkRm1ARmxlTJLPZz1fvODhSVPxi2cF95H0lavru81+m/CbX6\n+PYfF9d8Zkv5Y3HlM08U10jSkguXFNfY2gp3XB8MFAWPBwP7oBRZX7RX63GkDQCJENoAkAihDQCJ\nENoAkAihDQCJENoAkAihDQCJENoAkAihDQCJENoAkAihDQCJENoAkEhFA6NKJzlVOcilvYfGuB8K\nFgaG6ESGU82YVV4jybrnFdf4woWhXrMuWlpcc8UzTxbXfPGx7uIaSbri7ueKa/rWPRbqZQt2lhet\nfEOgUWd5jSQdPhCrq0pV6+t8qeFNHGkDQCKENgAkQmgDQCKENgAkQmgDQCKENgAkQmgDQCKENgAk\nQmgDQCKENgAkQmgDQCKENgAkQmgDQCIVTflr70l6xfxwrGwwMLEvUiOFpqxZoMY7g9PcuuaU18zs\nifWaXb6bL7lwcXHN5XfvLq6RpFsen11cs+l/yicDSpIv+1NxTceKU8obBaf8+aH95a1CnST3QC5V\nNoWQKX8AMCWMG9pmdquZ7TKznw3bdp2ZPW1mD9b/XXBslwkAkCZ2pH2bpPNH2X6Tu6+p//tuk9cF\nABjFuKHt7lslvTDKTdG3kgAAQZN5T/vDZrbDzL5sZuWfHQUAKBYN7S9IOsndV0vaKemm5i0JANBI\n6JQ/dx9+btOXJP3XWPfvv/7WI5dr552jWm1NpC0ATFkDWx/RwI8eGbrS0fj01omGtmnYe9hmdry7\n/+VjnS+S9POxivuv+/sJtgGA6am2fpVq61cNXZnRp3+68Y5R7zduaJvZHZJqkhaZ2ZOSrpP0NjNb\nLWlQ0uOSrmzGogEAYxs3tN39faNsvu0YrAUAMA7+IhIAEiG0ASCRigZGVSQyAMYHq+lTMbPA3z5F\naqIPRaCXdZUPVpIkveWs8l5ry7+xvnWPFddI0sbA8KfNN+8N9Xrf4j3FNSfPv7+8UWfseNBWPVVc\n4729oV4hfyofuBXSe1rDmzjSBoBECG0ASITQBoBECG0ASITQBoBECG0ASITQBoBECG0ASITQBoBE\nCG0ASITQBoBECG0ASITQBoBEqpny1zGz7P6RyXvSsA9EK+kVGFPX2R1oJNngoeIa714U6qWOwFMb\nqLHgxEM/FJjYF3j8JMkOHwzVFVuwc/z7jMKXlU+Ou2TR86Fed+wp33c/8Y3fFdfM2rC0uEaStC8w\nvbAj8sJXbEJlZH0RM/c3vIkjbQBIhNAGgEQIbQBIhNAGgEQIbQBIhNAGgEQIbQBIhNAGgEQIbQBI\nhNAGgEQIbQBIhNAGgESqGRhVyqIDYGLDiyoT+L6ssyvYK/DUWuRneHS4VzUDrSRJM+eW1wSGltnK\nN5T3kdSx4pTimpPn3x/q9fFvPFtc85kt5X02LXqhvEiSujvLa+b+Mdbr+PnlNXv/HOtVatZLDW/i\nSBsAEiG0ASARQhsAEiG0ASARQhsAEiG0ASARQhsAEiG0ASARQhsAEiG0ASARQhsAEiG0ASCRigZG\ntfkgp2LBgVahVsFeoeFPFX5fIcFjjNBjGOhlgWFHwTrrjD0WszYsKa7ZGBj+tPk/Xi6ukaTLt/2m\nuGbByjmhXt2XBfaLvQdDvYrNYGAUAEwJhDYAJEJoA0AihDYAJEJoA0AihDYAJEJoA0AihDYAJEJo\nA0AihDYAJEJoA0AihDYAJEJoA0AiFU35a2ORCXBdx8V6+eFYXURH4KmNTAb0wfIaSRZYn8+YFeql\n2YvLazwwmfLwgfIaSXZof3GNr3oq1mvf3vKi7vIphB/c9tvyPpK+9ET5c/yx5bF90F8OvB7v3R3q\nVezMPzS8iSNtAEhk3NA2s2Vmdp+Z/cLMHjKzj9S3LzCze8zsUTP7npnNO/bLBYDpbSJH2ockXe3u\nZ0o6V9KHzGyVpGsl3evup0m6T9Inj90yAQDSBELb3Xe6+4765b2SHpa0TNIGSbfX73a7pHcdq0UC\nAIYUvadtZiskrZb0Y0l97r5LGgp2SUubvTgAwKtNOLTNbK6kb0m6qn7EPfLX61PtgyABoO1M6Lwr\nM5uhocD+qrvfVd+8y8z63H2XmR0v6blG9f39txy5XKu9UbXaGyexZACYegZ279OW3fuGruzZ0fB+\nEz1Z9iuSfununx+27W5J75d0o6TLJN01Sp0kqb//igm2AYDpqbakR7UlPUNXzlytT//wp6Peb9zQ\nNrN1kv5W0kNmtl1Db4N8SkNhfaeZ/Z2kJyS9pykrBwA0NG5ou/uPJDX6k6h3NHc5AICx8BeRAJAI\noQ0AiVQ0MCowlCnUJtAnOPAoJLK+cK82/3kcWN/QSUwBnbMDRdXtF5FzZa23N9arI7APzv1jccmC\nlZHHXLp6efmj8dmtsdfVphManvDW2IV9oV7Fjl/Y8KY2f2UDAIYjtAEgEUIbABIhtAEgEUIbABIh\ntAEgEUIbABIhtAEgEUIbABIhtAEgEUIbABIhtAEgEUIbABKpaMpfqXb/jODo+ir8viLTCyudDBiY\nzBadkhgpa/ddMCj0CL5mfnFJ92XB5+pg+X678YRdoVab73y5uOZjv3sq1KtUx+rXNL6tkhUAAJqC\n0AaARAhtAEiE0AaARAhtAEiE0AaARAhtAEiE0AaARAhtAEiE0AaARAhtAEiE0AaARNpzYJRXOa0n\n0muKThOqVOAxHDwYa3X4QHlNYB/0SB9JOrS/vObFF0OtfN/eQK8/l9fsDT5X/72nuMQu7Au1ujow\n/OmzW0Otir2us/FtHGkDQCKENgAkQmgDQCKENgAkQmgDQCKENgAkQmgDQCKENgAkQmgDQCKENgAk\nQmgDQCKENgAk0p4DowCMLTpULVTHgLRXWMv7cKQNAIkQ2gCQCKENAIkQ2gCQCKENAIkQ2gCQCKEN\nAIkQ2gCQCKENAIm0NLQHBra1sn1bGRh4sNVLaBsDW7a3egltY+BHj7R6CW1hYPe+Vi+hbRDabYKg\nesXAlh2tXkLbILSHbCG0j+DtEQBIpKKBUXMabO9qcNvgMVzLSFUO0BmrrktST/DrjqYzUBP5GR59\nrsba9WZKmnv0ZpsZa9URqIsMVuqcVV4jSd7o9SHJ5kidi47ePvd1sV6d+8trZhwor/GXymsk6aSl\no29/1qWTzhj9tkULQ606Tu0trnnN/moGRi06dYW0ZfTbzKPTwibIzBgRBgAB7n7UT4ljHtoAgObh\nPW0ASITQBoBEWhLaZnaBmT1iZr8ys2tasYZ2YWaPm9lPzWy7mT3Q6vVUycxuNbNdZvazYdsWmNk9\nZvaomX3PzOa1co1VafBYXGdmT5vZg/V/F7RyjVUxs2Vmdp+Z/cLMHjKzj9S3T8t9Y6TKQ9vMOiTd\nLOl8SWdKusTMVlW9jjYyKKnm7ue4+9pWL6Zit2loPxjuWkn3uvtpku6T9MnKV9Uaoz0WknSTu6+p\n//tu1YtqkUOSrnb3MyWdK+lD9YyYrvvGq7TiSHutpF+7+xPuflDSNyVtaME62oVpmr5N5e5bJb0w\nYvMGSbfXL98u6V2VLqpFGjwWUnUfStg23H2nu++oX94r6WFJyzRN942RWhEWr5X01LDrT9e3TVcu\n6ftm9hMzu7zVi2kDS919lzT04pXU4MTdaePDZrbDzL48Hd8OMLMVklZL+rGkPvaNaXqE12bWufsa\nSRdq6H8D17d6QW1mOp+T+gVJJ7n7akk7Jd3U4vVUyszmSvqWpKvqR9wj94VpuW+0IrSfkXTisOvL\n6tumJXd/tv7f3ZK+o6G3j6azXWbWJ0lmdryk51q8npZx993+yh9SfEnSm1u5niqZ2QwNBfZX3f2u\n+mb2DbUmtH8iaaWZvc7MZkp6r6S7W7COljOzOfWjCZlZj6R3Svp5a1dVOdOr37e9W9L765cvk3TX\nyIIp7FWPRT2Y/uIiTa994yuSfununx+2bTrvG0e05C8i66cufV5DPzRudfcbKl9EGzCz12vo6No1\nNIzj69PpsTCzOyTVJC2StEvSdZL+U9K/S1ou6QlJ73H3P7RqjVVp8Fi8TUPv5w5KelzSlX95T3cq\nM7N1kn4o6SENvTZc0qckPSDpTk2zfWMk/owdABLhF5EAkAihDQCJENoAkAihDQCJENoAkAihDQCJ\nENoAkAihDQCJ/D8N1jsGD7Xz6gAAAABJRU5ErkJggg==\n",
      "text/plain": [
       "<matplotlib.figure.Figure at 0x1062f80d0>"
      ]
     },
     "metadata": {},
     "output_type": "display_data"
    }
   ],
   "source": [
    "%matplotlib inline\n",
    "import pylab as plt\n",
    "plt.figure( figsize=(6,6) )\n",
    "img = plt.imshow( K, interpolation='none', cmap=plt.get_cmap( 'YlOrRd' ) )\n",
    "plt.show()"
   ]
  },
  {
   "cell_type": "markdown",
   "metadata": {},
   "source": [
    "---"
   ]
  }
 ],
 "metadata": {
  "kernelspec": {
   "display_name": "Python 2",
   "language": "python",
   "name": "python2"
  },
  "language_info": {
   "codemirror_mode": {
    "name": "ipython",
    "version": 2
   },
   "file_extension": ".py",
   "mimetype": "text/x-python",
   "name": "python",
   "nbconvert_exporter": "python",
   "pygments_lexer": "ipython2",
   "version": "2.7.12"
  }
 },
 "nbformat": 4,
 "nbformat_minor": 0
}
